1.103252230341362731e-05
9.811738538184799132e-06
1.138846080140843918e-05
8.437552525391440984e-06
1.595517563885466902e-05
1.863767981854930821e-05
1.233363030329456363e-05
1.402841993864477284e-05
8.183623857089673178e-06
1.375543556569552564e-05
5.333722040151171426e-06
7.092472161386032286e-06
9.953607583166197139e-06
1.345954245735096112e-05
1.373977011904205250e-05
5.771196666996852203e-06
5.565583172194039224e-06
5.754480360515182840e-06
5.550599709303288997e-06
6.337904470038271738e-06
1.017721579260122340e-05
1.160704357380888892e-05
7.972245630983449527e-06
1.404690271409018913e-05
1.389858596782638126e-05
5.807770153894234862e-06
6.397974118503336529e-06
1.307042248008870601e-05
1.481203271329808889e-05
6.740817054824880640e-06
8.057328579915623492e-06
1.350426936802128624e-05
1.384355886969452179e-05
4.765187976287139225e-06
5.913898637910963039e-06
1.041075436162522240e-05
1.249167231280226865e-05
5.643397389378033975e-06
4.566914578906704301e-06
4.429377434216339399e-06
4.536150552572297032e-06
5.183361708079346456e-06
