-2.443913479925115956e-02
-2.583708436674197334e-02
-2.327514407070620586e-02
-2.418593717400709803e-02
-2.452257197664712771e-02
-1.895125460478441770e-02
-1.262742190791024330e-02
-1.063343584413874512e-02
-1.405306294163019033e-02
-1.625149369139958222e-02
-1.725730001202790617e-02
-2.009799477399908454e-02
-3.312567510182268249e-02
-3.051781431061639446e-02
-3.637643671163249409e-02
-3.546701169231909756e-02
-3.419846052165731454e-02
-3.181164526381851515e-02
-2.720439068458658030e-02
-2.263007098461317784e-02
-2.660876231243041248e-02
-2.270186737577533156e-02
-2.965291995514774889e-02
-2.579746284993875496e-02
-2.233953511452461266e-02
-2.209952375935924501e-02
-2.097443196636843143e-02
-1.757658448841755219e-02
-1.359712595176339536e-02
-1.242105424631307492e-02
-2.178232021888561187e-02
-2.717367799763625164e-02
-3.463691997189884131e-02
-3.754468103043265975e-02
-4.085499358681356219e-02
-4.015934557697441176e-02
-4.147815437896375940e-02
-3.678572230961123929e-02
-3.035294299570317697e-02
-2.448350069984852467e-02
-3.117138226207675361e-02
-2.355111835298475537e-02
-2.490631397376154646e-02
-2.662351369154495467e-02
-2.690004857507685004e-02
-2.582640444493405560e-02
-1.563482396234755836e-02
-9.003526272522734825e-03
-6.210219391059287712e-03
-9.726267502219826735e-03
-2.203294016068042468e-02
-3.988335328795522550e-02
-4.637640360031533571e-02
-4.974910001326676018e-02
-5.709582246861984872e-02
-4.947438789479369908e-02
-4.539870213603269117e-02
-3.974637696442590018e-02
-4.091199566093022683e-02
-3.446492577204864072e-02
-2.868720698675004260e-02
-3.292553331815172707e-02
-2.477691462372828834e-02
-3.246815946206581260e-02
-2.881231118292322188e-02
-2.791429367175918622e-02
-1.710886320249434267e-02
-1.193225032329778626e-02
-9.663290632581832129e-03
-2.176299241642303678e-02
-3.033337875094269803e-02
-4.829007164884116521e-02
-5.992146933196720870e-02
-6.944306768438876509e-02
-5.977182953084279882e-02
-6.488731982860654335e-02
-5.612576402449293012e-02
-4.399338578147252155e-02
-4.027934229255704379e-02
-2.796381991142132817e-02
-2.592801235564716478e-02
-3.081453200408428364e-02
-3.178161469302293041e-02
-3.508260566363453903e-02
-3.528655498686456005e-02
-2.664938689823425494e-02
-2.192627105633129445e-02
-1.280518602424784297e-02
-1.403026307971241837e-02
-9.966830579109808158e-03
-4.508793458055437159e-02
-6.666074336844086956e-02
-8.505890228377645246e-02
-8.653570948795212547e-02
-7.730234725905255067e-02
-6.584138548145063163e-02
-5.907647008165915065e-02
-5.238666744156219440e-02
-4.671766551657264427e-02
-3.992498610579373053e-02
-2.307111378281880010e-02
-2.388982134477526248e-02
-2.977376536440874341e-02
-3.418357958116659961e-02
-2.801179190982372100e-02
-3.314012517011445669e-02
-2.663347319213500708e-02
-1.499773304361288508e-02
-1.770559369731091945e-02
-1.526113254045562487e-02
-6.468734877771278868e-02
-9.330854625519369172e-02
-1.028384102947187684e-01
-9.725039305914573440e-02
-8.474937422683073707e-02
-7.679098540874453038e-02
-5.745681101059088580e-02
-4.887414316586988217e-02
-3.929939214102980138e-02
-3.065385543166896515e-02
-1.910307192793999492e-02
-2.127712714142128425e-02
-2.598148342770677591e-02
-3.255998695138780791e-02
-2.894960951760380818e-02
-2.969978386152768643e-02
-2.768421234622646734e-02
-1.499020911973637966e-02
-1.043996564688496297e-02
-1.733891956168891191e-02
-7.314351237782852622e-02
-1.061260175368995279e-01
-1.116342362863848858e-01
-9.912531989499814844e-02
-8.876433534191162378e-02
-7.012763016871806365e-02
-5.528409193944561206e-02
-4.457412036310322984e-02
-4.661036648286160516e-02
-2.735942479582442050e-02
-1.636003553244311584e-02
-1.812407146154339926e-02
-2.026361217380072410e-02
-2.183554022926198490e-02
-2.280311346674190887e-02
-2.418383910607334319e-02
-2.587927931866724693e-02
-1.377027060571726913e-02
-9.322208143635790992e-03
-1.026215265582845759e-02
-7.042598393869557716e-02
-1.059615665484304886e-01
-1.110611885879478622e-01
-9.788880340314332074e-02
-8.036044704289424523e-02
-6.985598402407761087e-02
-5.089209638755975984e-02
-4.149771131777038602e-02
-3.649941795208427875e-02
-3.376811803053207661e-02
-1.064312781546181488e-02
-1.475249808070899088e-02
-1.695122383444616632e-02
-1.720847277048922694e-02
-1.116405239194026219e-02
-1.676218094972835998e-02
-1.401788378032794470e-02
-1.460090338611855915e-02
2.543711109210889179e-04
-7.339733229225061870e-03
-6.166467160474552178e-02
-8.666966947434820434e-02
-8.274501576089013377e-02
-7.323466402677455966e-02
-5.893883221272416123e-02
-4.899821792390249980e-02
-4.292983073671958333e-02
-2.651206012437632917e-02
-2.971183911050416515e-02
-1.920740486456232188e-02
-7.239340483075495762e-03
-1.070854127749873083e-02
-6.036674538387188683e-03
-9.285718644882689013e-03
-1.036485415754177450e-02
-6.999109177567300159e-03
-9.065696826469979083e-03
-5.410084379206640814e-04
-9.718228958095086103e-04
-9.474297293031820610e-03
-3.214244679155459083e-02
-5.218735127358316989e-02
-4.381483982689267365e-02
-4.048928460733122736e-02
-3.340857028166555054e-02
-2.017613530400335503e-02
-2.401748137904138880e-02
-1.728010558682016237e-02
-1.346457081176512249e-02
-7.376375519541089956e-03
-2.866903685404335357e-03
-2.678818232808154176e-03
-5.866376938070828884e-03
1.790934197272422892e-03
2.102325442520502820e-03
-2.022332969813397507e-03
1.144589286963264459e-04
-4.358439377001460842e-03
-4.985641508770133085e-04
5.918548014990030089e-03
-6.272428233032948004e-03
4.412050314861857767e-03
-3.473496879213043911e-03
2.054741447763442763e-03
-5.881849213333915829e-05
2.550225812178903272e-03
7.074371800103147019e-04
-1.111191522209903880e-03
-2.135686603165961109e-03
1.064292505042728314e-02
4.556268023381450025e-03
-1.071393681483205282e-03
4.058005387240215533e-03
8.938432611311572171e-03
5.374646101917300405e-03
1.115878836460633058e-02
8.905442644276683611e-03
3.320889994313242031e-03
1.200480807963857791e-03
1.630728434027697155e-04
3.803040373929755802e-02
4.113672092454959822e-02
4.885177371719870432e-02
4.458144339404462864e-02
2.849301796782094040e-02
2.233773204383890029e-02
1.503609813545194601e-02
1.333516408775154566e-02
2.976853000578903036e-03
6.750236921600751179e-03
1.378211225772266527e-02
9.572550485079628357e-03
1.453234483646890021e-02
1.092678078805436014e-02
1.842520097176469224e-02
1.247883851498999240e-02
8.208616193653249862e-03
1.372732187420023196e-02
2.499294913959029980e-04
3.387516706124291122e-03
5.623263321984902502e-02
8.005479650088420662e-02
8.296016235250432136e-02
6.690000315616687065e-02
6.082103739746825416e-02
4.993311862187617411e-02
3.555844589815702200e-02
3.060618092923584471e-02
2.129797564353468758e-02
2.688136405597001816e-02
1.097961412476645797e-02
1.312707555335707391e-02
1.225386939438629329e-02
1.523841152411331210e-02
1.609836352582885710e-02
1.694550180282439200e-02
8.841122941832105231e-03
4.719134500809862159e-03
-4.026006822232914943e-03
4.628064033614310430e-03
7.096070251585674671e-02
9.627846678907525657e-02
9.342373543001759872e-02
8.249906248676779075e-02
7.080648801239979029e-02
6.105085083396355472e-02
4.984354992888390123e-02
3.777938487543627821e-02
2.827890242229520387e-02
3.091499814335528160e-02
1.730982921404852770e-02
1.589360441318748290e-02
1.731752035036477136e-02
1.656333640732438051e-02
7.867990392336153202e-03
1.532550071810299779e-02
7.030579137202697462e-03
1.486526850571227767e-03
-6.245479110004402683e-04
1.510258547744043785e-02
5.711248377859966252e-02
8.393465426524507333e-02
9.758509951676634653e-02
9.246797344497978410e-02
7.618701963269532140e-02
6.921733120644370241e-02
5.518177662137337125e-02
4.726488624068885674e-02
3.390076509542512551e-02
3.391299888935116885e-02
2.122575549117892285e-02
2.041735405014825575e-02
2.071426965315720931e-02
6.359420840009797141e-03
1.802805722044932210e-02
1.404887484598213790e-02
8.977600552820307403e-03
2.168575524333570329e-03
2.378832349491260580e-03
1.304359038463459401e-02
4.457070126635597623e-02
7.127365809073639424e-02
8.741338982511226430e-02
7.920044306254579725e-02
7.947089558605051340e-02
6.753591521888230309e-02
5.478677245228529002e-02
4.754488070192158800e-02
3.763878999362157279e-02
3.613493075421210510e-02
1.897326523474291565e-02
1.672735801399308914e-02
1.508233851566974544e-02
1.892628477792716868e-02
1.916992568681509870e-02
1.243673415100066473e-02
9.807798313269437684e-03
3.022068832298454265e-03
3.686655932771463855e-03
1.094214683659141055e-02
3.358282082635694055e-02
4.940209027285413779e-02
6.892985142401769627e-02
6.953264479657808583e-02
6.887006276270934979e-02
6.078544981676387016e-02
5.583146208944268080e-02
4.404904071742792027e-02
4.463166044132620136e-02
2.916341736932973744e-02
1.427228535643746896e-02
1.877270632310048745e-02
2.251955450329615888e-02
1.759193059167103723e-02
1.380379700753815893e-02
6.884551146429654031e-03
7.242119222945059102e-03
4.855017728798713753e-03
1.069451012494867202e-02
1.382283626577713448e-02
2.024752033466841600e-02
4.703397522682661175e-02
5.033287683058585565e-02
5.406450955888632975e-02
6.210323923227036719e-02
5.425898048447502786e-02
4.857852316314344165e-02
4.513054637324220852e-02
4.176089453394535300e-02
3.715098870742480214e-02
1.250210731075274834e-02
2.352746694895802709e-02
1.957013833137627098e-02
1.399931067275886516e-02
1.052590914670610035e-02
7.332776341949660479e-03
8.036598533706165032e-03
3.616677843485550502e-03
3.942538383261371196e-03
1.395144430690518217e-02
2.145415536762746225e-02
2.951087777745810617e-02
4.208155352051822645e-02
4.962418476404976270e-02
4.356401351482708240e-02
4.435463817343351239e-02
4.676585371852035045e-02
4.241866472084513534e-02
3.679414529479005380e-02
3.580217491011376124e-02
1.246450613935368851e-02
1.099336175461861076e-02
1.227800528902090772e-02
1.420038154793647547e-02
9.338789103808132347e-03
8.097393818971107549e-03
4.367441984626248275e-03
4.312879657323971661e-03
3.827607108176628910e-03
1.181737959492479978e-02
1.931468270935829401e-02
2.250471931588296504e-02
3.015825696824642188e-02
3.381451684523520407e-02
3.997877486212798176e-02
3.896807081604818090e-02
4.269765171811389787e-02
3.172073047055513212e-02
3.366680413156146467e-02
3.089487080439809810e-02
2.667968433154157409e-02
2.834256404025355461e-02
3.305827207226139791e-02
3.288013712964781704e-02
3.133034333322453485e-02
3.333902502263692835e-02
3.372546165241768062e-02
2.816837263945359826e-02
1.742142309608826073e-02
1.070209766632249093e-02
9.943180898513429705e-03
1.199716200883495058e-02
6.400051593139597685e-03
1.647901129683043003e-02
1.634935999423084430e-02
2.059636625926725140e-02
2.286921708086269919e-02
2.436410093873369459e-02
2.671977342911870459e-02
2.817157413550207962e-02
2.926224320107400148e-02
3.770076544665006829e-02
3.450484127011787389e-02
4.073668300603629222e-02
4.437284107514873066e-02
4.176484370178900479e-02
3.651557080803082000e-02
3.047228649805646880e-02
2.421002702527993988e-02
1.854647534105118012e-02
9.556098776198652944e-03
1.153729412542563171e-02
1.440022497651174613e-02
2.070838522009338378e-02
2.342845875894026403e-02
2.665074612777651453e-02
2.490567353262144665e-02
2.706605777984506453e-02
2.964033613024464470e-02
3.094684646982718418e-02
2.863855957557447096e-02
4.246130105318637188e-02
4.687311386132799601e-02
4.977188155363358041e-02
5.192400638998206919e-02
5.193885867892995833e-02
5.633000299507031489e-02
5.196656715754692513e-02
4.064082613568305302e-02
2.636036028051357352e-02
1.467476908962003085e-02
8.283401764179489785e-03
1.582146976007672151e-02
2.299105044051264965e-02
2.095089072895353274e-02
2.924771888184175134e-02
3.063109632679704430e-02
3.151676567944609181e-02
2.450506232384576030e-02
2.475820190766710865e-02
3.359414701468250997e-02
3.722514127161129921e-02
5.336355252934493754e-02
5.301019781812760928e-02
6.223555142081390462e-02
6.520664190192722309e-02
7.249465464110935176e-02
6.668401711282961886e-02
5.091313064864096127e-02
2.136164133007801419e-02
1.395455715745647085e-02
1.418423689861454673e-02
2.007758783835499744e-02
2.078139188917190600e-02
3.337087007751072393e-02
2.574102861437625733e-02
2.870781743294605753e-02
3.339724368821552630e-02
2.911835096707353007e-02
3.360605195409108181e-02
3.659158434930608744e-02
4.100883119003139593e-02
5.007694460368460054e-02
5.694483037864688652e-02
6.593363268829835477e-02
8.091428626003437097e-02
8.633970712665452185e-02
8.731526906626475848e-02
6.743088162013906317e-02
4.616858133987073592e-02
1.345897408193202395e-02
1.698490761729653381e-02
1.627895201300940189e-02
2.198707514431481533e-02
2.984982593590213701e-02
3.460644470216778235e-02
3.201174138705261546e-02
2.849895576771035999e-02
2.417994886723005832e-02
2.174925214411717322e-02
3.674487728239688583e-02
4.607767997488491224e-02
5.166245545237815179e-02
5.968977502165210419e-02
7.837878252172369997e-02
8.399500217378215450e-02
9.638695181098022591e-02
1.044956076510907411e-01
8.443104481787216953e-02
5.976314400293262358e-02
1.288715612727291300e-02
1.111328597372458413e-02
1.752954672948870904e-02
2.554210001952582354e-02
3.152505295332771323e-02
2.843965905251296528e-02
3.522747258673612769e-02
3.142700572878457527e-02
2.964343077938326812e-02
2.827497310729636115e-02
3.457512824559896836e-02
4.247146479371679412e-02
4.956708029108171376e-02
5.640539900709404253e-02
7.447537657379915688e-02
8.767646458830445633e-02
1.000196189922465534e-01
1.139524092008558087e-01
1.032709363834413696e-01
6.024526679496257364e-02
8.889856332884233867e-03
9.911782871170633086e-03
1.778296494851279094e-02
2.789945094878295770e-02
2.738198088683939727e-02
3.191962430831076641e-02
3.236457674496272946e-02
2.978555778241086596e-02
1.608793076276211764e-02
2.545199742106884697e-02
2.763339080225615807e-02
3.474494537241403641e-02
4.328153912023073591e-02
5.426340184850548393e-02
6.743410275446154456e-02
8.067832873682941053e-02
9.143962356736705377e-02
1.085825956309050960e-01
1.020334991187891449e-01
6.674573599744737518e-02
1.062162331557518075e-02
7.411075736724843065e-03
1.134124643726606291e-02
1.846702101462871504e-02
2.314941909547230808e-02
1.898001157523747720e-02
2.393679660319292246e-02
2.094893241693267585e-02
1.544197304962664427e-02
9.451608930072139328e-03
2.051969699662862384e-02
2.298509111162133287e-02
2.883497720244674462e-02
3.825234116116534716e-02
5.552650282030516943e-02
6.203838215482663371e-02
7.597435510956401794e-02
8.159639974834816123e-02
9.132788590721202526e-02
6.369785748503441203e-02
1.263884496931760512e-02
5.506650463784059854e-03
1.325931402722493185e-02
1.582513216754108040e-02
1.871263081846157028e-02
1.655934490929252337e-02
1.153403808109868846e-02
1.845056098529821928e-02
7.330705760780580754e-03
1.139419322907794102e-02
8.839822674271543765e-03
8.813394105195682462e-03
1.775044871465167318e-02
1.967286639452085067e-02
2.470927336980941608e-02
3.490214060814511576e-02
3.951748895759574220e-02
5.236600847177378532e-02
4.831963687067111768e-02
2.057418361043951774e-02
-6.229800526896551310e-05
-1.963552363841394865e-03
8.896890949461788017e-03
7.511702985932972726e-03
7.825431141383292974e-03
1.429268281205571534e-02
4.401338827235568539e-03
6.057218446854720391e-03
5.700737744746033932e-03
8.417096834161212973e-03
-2.827173576345981456e-03
-2.693134476154866210e-03
-5.954542855132530059e-03
1.648277484191415336e-03
1.927955762596730415e-03
-2.108860375383518268e-03
4.331684625632981544e-04
-3.150228854854907924e-03
1.839862429502521707e-03
1.148206577584217833e-02
-1.238283354794523583e-03
6.665229250620719435e-03
-2.367926330783853232e-03
2.318387487445814060e-03
-1.623564643299065034e-04
2.373934810773819896e-03
5.660991639440975847e-04
-1.186140365265704859e-03
-2.145748207365435860e-03
1.070992823042028058e-02
-1.094297149174199534e-02
-1.995575022285038871e-02
-1.895681831885090082e-02
-1.904755493817759590e-02
-2.838481799643781389e-02
-2.879080116373351414e-02
-3.675276900213320097e-02
-4.577526255153934603e-02
-4.723170830192565534e-02
-4.188119907335358105e-02
-5.809359236998584003e-03
-7.528454059888691624e-03
-6.994095309519228476e-05
-5.943946761257055955e-04
-1.088436611321736032e-02
-1.085061916637839255e-02
-1.245568313243082884e-02
-9.252860091218461508e-03
-1.556251927187134523e-02
-8.470784891707400927e-03
-1.541589688874015970e-02
-2.564655189039784233e-02
-2.794215902189914336e-02
-4.014574605799484108e-02
-4.239936209964002833e-02
-5.866001330487854298e-02
-7.221471430967156546e-02
-7.176979949767511857e-02
-8.036623083640205556e-02
-5.494015139388899738e-02
-5.040195523172362989e-03
-1.681336699445438055e-03
-2.375347083644606741e-03
-1.275961364128544787e-02
-9.345203499459024329e-03
-9.930883590724352838e-03
-1.464363805095806118e-02
-1.112563582157669213e-02
-1.330143532658715870e-02
-1.798682134989681991e-03
-2.910918050509534241e-02
-3.460990107463534499e-02
-4.450506860872809056e-02
-5.186303711315055909e-02
-6.231161639124532109e-02
-7.273717975431170935e-02
-8.996042587763046494e-02
-9.699254457790028316e-02
-9.607994336339856223e-02
-5.941123634999229824e-02
3.473347793055070291e-03
2.591737722051483915e-03
-8.441600294224280848e-03
-1.562659241651411998e-02
-1.786380799291905144e-02
-1.626395609397168762e-02
-1.622193350285736427e-02
-1.806138543581601794e-02
-1.867864166591998165e-02
-8.501849271203922725e-03
-3.031586914584472395e-02
-3.994886995586167250e-02
-4.787162426994252123e-02
-5.887345000923908250e-02
-7.808674138767332518e-02
-8.004450709172317158e-02
-9.433574941628533606e-02
-9.879113591908245118e-02
-8.905229553904005224e-02
-5.466801432269574601e-02
-1.433272713869356355e-02
-6.106364869832972553e-03
-3.205815851149525306e-03
-8.556937707892679074e-03
-1.839473695740627066e-02
-1.573660529038286085e-02
-1.925500431543339039e-02
-1.698839440288098940e-02
-2.111671153716804597e-02
-1.299119743293521666e-02
-3.059918423650166697e-02
-3.925244563151874394e-02
-4.747260265187162875e-02
-7.060231234198889594e-02
-6.702019654483111488e-02
-7.698459937491756999e-02
-8.366910111421922702e-02
-8.502954890729357007e-02
-7.080253077917497695e-02
-4.048304030035981133e-02
-1.080549870493799011e-02
-3.574832087160042648e-03
-6.581207404261837923e-04
-1.356101691676443385e-02
-1.113485241553494737e-02
-1.680486923173537747e-02
-2.133537509971503501e-02
-1.981861863904478896e-02
-2.126224406351230958e-02
-1.499152342985252476e-02
-3.411558045041623854e-02
-4.319124530723403299e-02
-5.181187695584665853e-02
-5.449847270659562148e-02
-5.940174877929268321e-02
-6.849535111358238948e-02
-6.889797306715449154e-02
-6.730078187633145581e-02
-5.237387523129547612e-02
-3.130287618868490829e-02
-9.563646100605917993e-03
-8.176447059847422039e-03
-2.467226545275875982e-03
-9.634659557766706364e-03
-1.200286850988662932e-02
-1.739952867690840524e-02
-1.701339420717359885e-02
-2.218967766156241736e-02
-1.461493952737983985e-02
-2.331058194026879721e-02
-3.777132181643340358e-02
-3.874539608778912458e-02
-4.016501517204354443e-02
-4.935273335076607176e-02
-5.559948308410600504e-02
-6.208090004878639989e-02
-5.728481332983097196e-02
-5.087380648755626678e-02
-3.358329190486667587e-02
-2.173422684400580160e-02
-1.583048299372605619e-02
1.675320078815626876e-03
-6.398521344995427088e-03
-1.107943848319165731e-02
-7.043174457871125699e-03
-1.501608720090155842e-02
-1.802760157887392869e-02
-1.709821930612759333e-02
-1.523828983975282145e-02
-1.435898083797784372e-02
-3.688070779609074756e-02
-2.992408233142695995e-02
-3.735766990043069835e-02
-4.523682689051133216e-02
-4.915886919497444024e-02
-5.023678286297365847e-02
-4.440780532505277101e-02
-4.109296074688122830e-02
-3.231708112151954887e-02
-1.664895294785482052e-02
-9.461291487425870644e-03
-7.491394725337236632e-03
-3.429310714625436168e-03
-3.426787959075889602e-03
-1.433347633555451597e-02
-1.538621402866897914e-02
-1.231188577285676107e-02
-1.422140471101788692e-02
-1.629908887919569171e-02
-1.315991613191373061e-02
-3.329075101923134605e-02
-3.759248108350429773e-02
-3.835662813399565163e-02
-3.727180546954218798e-02
-4.131203164415438861e-02
-3.969436607542339845e-02
-3.852341626244287082e-02
-3.228172631232049949e-02
-2.664702230976594144e-02
-1.486649125196485600e-02
-7.569967430066878306e-03
-8.482480729242505499e-03
-7.055598060164773935e-03
-9.616335377808774010e-03
-8.169819728195193420e-03
-1.183913443776092589e-02
-8.750124881495948900e-03
-1.876501715514395860e-02
-1.466618239506132376e-02
-1.455549686641139685e-02
-6.714541519366042099e-02
-6.280711397385968509e-02
1.868525523933276672e-02
-7.231712419904672007e-02
-8.636027443155452898e-02
3.353498254897585573e-02
-3.356502975399693056e-02
3.461260331856165669e-03
-1.947087177325649296e-04
-6.975430068758328717e-02
8.825825951568182226e-02
-3.139231153593936147e-02
-6.881481017037670289e-02
6.328124359887195294e-02
-1.857685058227047728e-02
-7.046237436540922494e-02
-5.752608090879367253e-02
2.264665376533601948e-02
-1.143239826210457333e-01
-1.150103399174536856e-01
6.294789462068094144e-02
-5.483176319173184432e-02
6.830150044268808174e-02
-8.384472532062224592e-03
-1.175443070372274162e-01
1.089369435129042829e-01
-6.199241767849514306e-02
-7.139567232510632411e-02
5.696922571772665422e-02
-2.211499206911018284e-02
-7.113987690797345109e-03
-4.410429041846020137e-02
6.764800645458985372e-03
-1.763762388625759320e-02
-9.502512989401099008e-02
2.315625613122551663e-02
-1.453350680330794606e-02
2.077495862211687083e-01
-2.209891415508468543e-02
-2.120576301148392392e-02
9.144676176182681138e-02
-2.259832665771662613e-02
-1.128402188319886992e-02
3.921650366406439353e-02
-7.510785109825665780e-03
5.436807442362505405e-02
-5.071350373310069826e-02
-1.238714225594916493e-02
8.878159265569975089e-02
-9.693667916697090714e-02
-3.415640669278020153e-02
4.478735479046420942e-02
6.534856400979106861e-02
-4.090508913840698937e-03
8.873457832925796263e-02
9.506098879865733375e-02
3.586161870656336820e-02
5.327991708366168477e-02
4.738812571377503530e-02
1.035200808422296649e-02
5.902119661204951323e-02
-5.666553819900450872e-02
-1.376899620662307318e-02
5.979388770756188104e-02
-7.678722894443430758e-02
-2.419737298793335489e-02
3.271652103133607103e-02
3.503034375629667484e-03
-2.625315555035339331e-03
6.300063150636996123e-02
7.969055709395723996e-02
2.252683693065076626e-02
5.684470190123676325e-02
5.798968070273138181e-02
1.200063516607732979e-02
