1.765609341694375778e-01
1.690810631360673000e-01
1.731750181162995950e-01
1.670932843040610072e-01
1.701827877583242388e-01
1.751333527673948898e-01
1.806880634610079361e-01
1.704649655312612255e-01
1.761631257039990572e-01
9.884816792485865422e-01
9.915274278118816342e-01
9.919439628402484388e-01
9.816597344320799889e-01
9.438247303069937644e-01
9.700713808095505764e-01
9.859464877446630915e-01
1.000667691663686298e+00
9.965368120012246811e-01
1.610915119570343990e+01
1.608154585718209262e+01
1.620250917860946416e+01
1.610428812246077612e+01
1.552491679369711797e+01
1.613198671115343075e+01
1.603485623261112991e+01
1.617449051447751884e+01
1.611331072466784420e+01
2.716039751201900998e+00
2.791726528577941568e+00
2.718038630077451945e+00
2.749770814794079143e+00
3.868456338016398988e+00
2.721599341123178029e+00
2.614334583718120442e+00
2.676630889242008760e+00
2.601102133398570437e+00
2.052253972719210395e+01
2.015429523362659125e+01
