1.765538400235912020e-01
1.672740902547392439e-01
1.746527344514900992e-01
1.661754103446323461e-01
1.692534342937876968e-01
1.755989115049178817e-01
1.813005006670830033e-01
1.707330132250735599e-01
1.772194333828844004e-01
9.886216890172918603e-01
9.921983753173007070e-01
9.965138629523294655e-01
9.773836744404456045e-01
9.436759423965431770e-01
9.690094534460912401e-01
9.866644195126587080e-01
9.992271960655680907e-01
9.994962262186247726e-01
1.610361859554495112e+01
1.608012502009087896e+01
1.621466497496612291e+01
1.609554480455654613e+01
1.552324498822692078e+01
1.613111956346173059e+01
1.608084247769735953e+01
1.615036529451443670e+01
1.612527738045971759e+01
2.712151378331908003e+00
2.788825872870064781e+00
2.718347284364838412e+00
2.751626978865953976e+00
3.861724079633272577e+00
2.722674903968357984e+00
2.634481075914340664e+00
2.679850907130272297e+00
2.608224982159806249e+00
2.047461484691675437e+01
2.016427408493978390e+01
